   -1.0000    0.1096
    1.0000    0.0954
   -1.0000    0.3962
   -1.0000    0.1362
    1.0000    0.5987
   -1.0000    0.8607
   -1.0000    0.0981
   -1.0000    0.0875
    1.0000    0.9389
    1.0000    0.0698
   -1.0000    0.3044
   -1.0000    0.2353
    1.0000    0.6553
    1.0000    0.8479
    1.0000    0.3318
   -1.0000    0.4097
   -1.0000    0.0689
    1.0000    0.4949
    1.0000    0.8328
   -1.0000    0.2276
    1.0000    0.8674
    1.0000    0.7473
   -1.0000    0.0375
   -1.0000    0.3169
    1.0000    0.7658
    1.0000    0.5649
   -1.0000    0.1023
   -1.0000    0.1808
    1.0000    0.7194
    1.0000    0.9035
    1.0000    0.6176
    1.0000    0.7590
    1.0000    0.4271
   -1.0000    0.4364
   -1.0000    0.1599
    1.0000    0.7799
    1.0000    0.8415
   -1.0000    0.0568
   -1.0000    0.5671
    1.0000    0.6948
    1.0000    0.3618
   -1.0000    0.5663
   -1.0000    0.3040
    1.0000    0.2195
    1.0000    0.6992
   -1.0000    0.1050
    1.0000    0.6838
    1.0000    0.8554
    1.0000    0.8791
    1.0000    0.5497
   -1.0000    0.1972
   -1.0000    0.3074
    1.0000    0.2164
   -1.0000    0.6876
   -1.0000    0.4465
    1.0000    0.8002
    1.0000    0.6967
   -1.0000    0.3793
   -1.0000    0.5887
   -1.0000    0.2204
    1.0000    0.5691
    1.0000    0.8113
    1.0000    0.4036
   -1.0000    0.7780
   -1.0000    0.4589
    1.0000    0.6637
    1.0000    0.4848
   -1.0000    0.3156
    1.0000    0.7476
   -1.0000    0.3479
    1.0000    0.6387
   -1.0000    0.7223
   -1.0000    0.0984
    1.0000    0.8046
    1.0000    0.6884
   -1.0000    0.2469
   -1.0000    0.3437
    1.0000    0.6857
    1.0000    0.9028
    1.0000    0.3715
   -1.0000    0.2752
    1.0000    0.4903
   -1.0000    0.1850
    1.0000    0.5286
    1.0000    0.7520
   -1.0000    0.2566
   -1.0000    0.1057
   -1.0000    0.0935
    1.0000    0.4218
    1.0000    0.7823
   -1.0000    0.3153
    1.0000    0.6152
    1.0000    0.7013
   -1.0000    0.0415
    1.0000    0.4370
   -1.0000    0.0728
    1.0000    0.6689
    1.0000    0.8418
   -1.0000    0.2612
    1.0000    0.5247
    1.0000    0.4678
    1.0000    0.2908
    1.0000    0.8475
    1.0000    0.3334
   -1.0000    0.2679
    1.0000    0.9491
    1.0000    0.7088
    1.0000    0.7259
    1.0000    0.5570
    1.0000    0.3542
    1.0000    0.5476
   -1.0000    0.3365
   -1.0000    0.2870
    1.0000    0.9469
    1.0000    0.8431
    1.0000    0.3510
   -1.0000    0.1238
   -1.0000    0.1841
    1.0000    0.9356
    1.0000    0.4160
   -1.0000    0.4599
    1.0000    0.2712
   -1.0000    0.4932
    1.0000    0.6616
   -1.0000    0.4835
    1.0000    0.8094
   -1.0000    0.6992
    1.0000    0.8531
   -1.0000    0.4764
   -1.0000    0.2408
   -1.0000    0.2626
    1.0000    0.8171
    1.0000    0.5652
   -1.0000    0.1723
    1.0000    0.4850
   -1.0000    0.1451
   -1.0000    0.8893
    1.0000    0.6935
    1.0000    0.3302
   -1.0000    0.4387
   -1.0000    0.2098
    1.0000    0.4945
   -1.0000    0.0276
    1.0000    0.4813
    1.0000    0.6728
    1.0000    0.5778
   -1.0000    0.7421
   -1.0000    0.5091
    1.0000    0.4941
   -1.0000    0.6230
   -1.0000    0.3799
    1.0000    0.6819
    1.0000    0.8258
    1.0000    0.7342
   -1.0000    0.0970
    1.0000    0.9097
    1.0000    0.7871
   -1.0000    0.5190
    1.0000    0.6004
    1.0000    0.5195
   -1.0000    0.3912
   -1.0000    0.2508
    1.0000    0.7765
   -1.0000    0.0729
    1.0000    0.9401
   -1.0000    0.2980
    1.0000    0.6643
   -1.0000    0.2226
    1.0000    0.4870
    1.0000    0.9163
   -1.0000    0.1884
   -1.0000    0.3740
    1.0000    0.1806
   -1.0000    0.1407
   -1.0000    0.3675
    1.0000    0.8393
   -1.0000    0.0675
    1.0000    0.7669
   -1.0000    0.1732
    1.0000    0.5263
   -1.0000    0.2317
    1.0000    0.6872
    1.0000    0.6949
   -1.0000    0.4233
   -1.0000    0.0081
    1.0000    0.5516
    1.0000    0.6414
   -1.0000    0.0240
   -1.0000    0.1298
    1.0000    0.8685
    1.0000    0.7139
   -1.0000    0.2245
    1.0000    0.6325
   -1.0000    0.7918
    1.0000    0.9345
   -1.0000    0.0230
    1.0000    0.8108
   -1.0000    0.6031
    1.0000    0.8358
   -1.0000    0.2492
    1.0000    0.8202
   -1.0000    0.3641
    1.0000    0.7859
    1.0000    0.4369
    1.0000    0.8347
   -1.0000    0.4287
    1.0000    0.7783
    1.0000    0.6908
    1.0000    0.4340
    1.0000    0.6778
   -1.0000    0.2766
   -1.0000    0.5826
    1.0000    0.6220
    1.0000    0.6751
   -1.0000    0.0924
    1.0000    0.6635
    1.0000    0.8701
    1.0000    0.5493
    1.0000    0.8357
    1.0000    0.4470
    1.0000    0.5653
   -1.0000    0.1374
    1.0000    0.9325
   -1.0000    0.5441
   -1.0000    0.4597
    1.0000    0.7335
    1.0000    0.8286
   -1.0000    0.1282
   -1.0000    0.0725
    1.0000    0.7284
    1.0000    0.4860
    1.0000    0.9160
   -1.0000    0.2568
    1.0000    0.6822
    1.0000    0.4508
    1.0000    0.6391
    1.0000    0.6971


